0 15038670
1 15038670
2 15038670
3 15038670
4 15038670
5 15038670
6 15038670
7 15038670
8 15038670
9 15038670
10 15038670
11 15038670
12 15038670
13 15038670
14 15038670
15 15022568
16 15022437
17 15014071
18 15013950
19 15013802
20 14884507
21 14884235
22 14884235
23 14883971
24 14883742
25 14883579
26 14881419
27 14881315
28 14881148
29 14881009
30 2930654
31 2925042
32 2925042
33 2925042
34 2919464
35 2919464
36 2919464
37 2758467
38 2758467
39 2758467
40 2624831
41 2619227
42 2619227
43 2619227
44 2619227
45 2618246
46 2617313
47 2616189
48 2605958
49 2602656
50 2600121
51 2599996
52 2599708
53 2599591
54 2599341
55 2599244
56 2573128
57 216382
58 213864
59 209673
60 208298
61 207898
62 251863
