0 30076310
1 30076310
2 30076310
3 30076310
4 30076310
5 30076310
6 30076310
7 30076310
8 30076310
9 30076310
10 30076310
11 30076310
12 30076310
13 30076310
14 30076310
15 30030878
16 30030623
17 30002473
18 30002211
19 30001950
20 29742561
21 29742020
22 29742020
23 29741519
24 29740967
25 29740683
26 29736359
27 29736089
28 29735810
29 29735565
30 5834678
31 5823296
32 5823296
33 5823296
34 5811967
35 5811967
36 5811967
37 5489904
38 5489904
39 5489904
40 5222597
41 5211234
42 5211234
43 5211234
44 5211234
45 5209323
46 5207397
47 5205196
48 5184727
49 5178066
50 5173021
51 5172737
52 5172178
53 5171892
54 5171316
55 5171038
56 5118745
57 405242
58 400011
59 391565
60 388726
61 386165
62 396476
