0 5606940
1 5606940
2 5606940
3 5606940
4 5606940
5 5606940
6 5606940
7 5606940
8 5606940
9 5606940
10 5606940
11 5606940
12 5606940
13 5606940
14 5606940
15 5605150
16 5605086
17 5602962
18 5602950
19 5602929
20 5564548
21 5564438
22 5564438
23 5564378
24 5564297
25 5563564
26 5563455
27 5563447
28 5563428
29 1488579
30 1486461
31 1486461
32 1486461
33 1426462
34 1426462
35 1426462
36 1380560
37 1378387
38 1378387
39 1378387
40 1378387
41 1378053
42 1377717
43 1376013
44 1375590
45 1371784
46 1370519
47 1370131
48 1370131
49 1370022
50 1369908
51 1369883
52 1369851
53 1369816
54 1358243
55 309954
56 308972
57 307789
58 307286
59 305057
60 304178
61 356323
